2 1 1 1;14;2
3 1 1 3;14;2
2 1 1 2;14;2
1 3 2 1;14;1
0 3 3 1;14;2
0 3 3 1;16;2
0 3 3 1;34;0
2 2 1 2;14;2
0 1 2 1;14;2
0 1 2 1;16;2
3 1 3 1;14;0
0 2 3 1;14;2
0 2 3 1;16;2
3 1 1 2;14;2
1 1 1 1;2;2
3 1 0 1;14;2
2 2 1 3;14;2
1 2 2 1;14;2
1 3 1 2;14;1
3 3 2 2;14;0
2 1 1 1;2;2
1 2 1 1;2;2
1 0 2 1;14;2
1 3 2 1;16;2
2 3 2 1;14;1
3 3 0 1;14;2
0 1 2 3;14;2
0 1 2 3;16;2
0 1 2 3;34;1
3 1 3 3;14;0
1 3 1 2;16;1
2 3 1 3;14;2
1 3 1 3;14;1
1 2 1 1;34;2
1 0 2 2;14;2
1 3 1 2;34;1
3 3 0 2;14;2
2 1 1 1;16;2
0 1 2 2;14;2
0 1 2 2;16;2
0 2 1 3;14;2
0 2 1 3;16;2
0 2 1 3;34;1
3 2 3 3;14;0
3 2 0 1;14;2
2 1 2 1;34;2
0 2 3 2;14;2
0 2 3 2;16;2
0 2 3 2;34;0
0 1 1 2;14;2
0 1 1 2;16;2
0 1 0 2;14;2
0 1 0 2;16;2
3 2 1 2;14;2
0 2 2 1;14;2
0 2 2 1;16;2
2 2 1 1;14;2
0 2 2 3;14;2
0 2 2 3;16;2
0 2 2 3;34;1
3 2 0 3;14;2
2 3 2 2;14;1
0 3 0 2;14;2
0 3 0 2;16;2
0 3 0 2;34;1
3 3 3 2;14;0
1 2 1 1;36;2
2 1 1 2;36;2
2 3 1 2;14;2
2 2 1 0;14;2
2 1 2 1;2;2
2 2 0 1;16;2
2 1 1 2;2;2
0 3 2 2;14;2
0 3 2 2;16;2
1 2 2 2;14;2
1 2 2 1;2;2
2 3 2 1;16;1
0 3 2 3;14;2
0 3 2 3;16;2
2 2 1 2;34;2
1 2 1 2;2;2
2 3 1 0;14;2
2 3 2 3;14;2
2 1 2 3;14;2
1 3 0 1;14;1
2 3 1 1;14;2
1 2 1 2;16;2
2 3 2 2;16;1
0 3 2 0;14;2
0 3 2 0;16;2
0 3 2 0;34;0
2 3 0 1;14;1
0 3 2 1;14;2
0 3 2 1;16;2
2 0 2 3;14;2
2 2 1 0;34;2
1 0 2 3;14;2
1 2 1 2;34;2
1 1 1 3;14;1
1 0 2 1;34;2
1 0 2 1;36;2
1 0 2 1;2;2
0 1 2 1;2;2
0 1 2 1;34;2
0 1 2 2;2;2
0 1 2 2;34;2
1 0 2 2;34;2
1 0 2 2;36;2
1 0 2 2;2;2
1 2 2 3;14;1
0 2 3 3;14;2
0 2 3 3;16;2
0 2 3 3;34;0
2 3 1 2;16;1
3 3 1 0;14;0
2 2 2 1;2;2
2 0 1 3;14;2
1 3 1 0;14;1
3 3 2 0;14;0
2 2 1 2;2;2
2 3 1 0;16;1
3 3 1 2;14;2
2 1 2 1;16;2
2 3 1 2;34;2
3 0 0 1;14;2
1 0 2 2;16;2
2 2 2 1;16;2
0 3 2 3;34;0
2 2 1 2;36;1
0 1 1 2;2;2
0 1 2 0;14;2
0 1 2 0;16;2
3 1 3 0;14;0
2 3 0 1;16;2
1 2 2 1;36;2
2 2 1 0;2;2
0 2 1 2;14;2
0 2 1 2;16;2
3 2 3 2;14;0
1 0 1 2;34;2
1 0 1 2;36;2
1 0 1 2;2;2
3 2 0 2;14;2
2 2 0 1;36;2
2 0 1 2;14;2
1 2 2 1;16;2
1 2 1 2;14;2
2 2 2 1;36;2
3 1 2 3;14;0
2 3 0 1;34;2
1 3 0 1;16;2
1 3 1 0;16;1
1 0 1 1;14;1
2 1 2 2;34;2
2 2 0 1;2;2
1 1 1 3;16;1
2 1 1 0;14;2
1 2 2 2;2;2
1 2 2 2;16;2
2 3 2 1;34;0
2 2 2 1;34;1
2 1 2 2;36;2
1 0 2 0;14;2
0 1 2 2;36;2
2 1 1 2;34;2
1 3 0 1;34;2
2 1 2 2;2;2
2 3 0 2;14;1
1 0 1 2;16;2
2 2 2 3;14;2
2 0 1 2;34;2
2 0 1 2;36;2
3 1 1 3;16;0
2 0 2 1;16;2
0 1 1 2;36;2
0 2 1 2;34;2
2 1 2 1;36;2
0 3 1 0;14;2
0 3 1 0;16;2
1 0 0 2;16;2
2 0 2 1;34;2
2 0 2 1;36;2
0 3 0 1;14;2
0 3 0 1;16;2
0 3 0 1;34;1
3 3 3 1;14;0
3 1 0 3;14;2
1 0 2 0;34;2
1 0 2 0;36;2
1 0 2 0;2;2
0 2 2 1;36;2
0 1 2 0;2;2
0 1 2 0;34;2
1 3 1 1;14;1
3 3 2 1;14;0
1 0 0 2;34;2
1 0 0 2;36;2
1 0 0 2;2;2
2 1 1 3;14;2
0 1 3 1;14;2
0 1 3 1;16;2
0 1 3 1;34;1
1 1 0 1;14;1
0 1 0 2;2;2
3 1 1 1;14;1
0 1 0 1;14;2
0 1 0 1;16;2
0 1 0 1;34;1
0 2 3 0;14;2
0 2 3 0;16;2
0 2 3 0;34;0
3 0 1 2;14;2
2 1 0 1;16;2
2 1 1 0;2;2
0 3 2 1;34;0
0 1 0 2;36;2
0 3 0 1;36;0
3 2 1 3;14;2
1 3 2 2;14;1
0 3 3 2;14;2
0 3 3 2;16;2
0 3 3 2;34;0
1 2 1 0;2;2
3 1 1 1;16;1
0 1 1 0;14;2
0 1 1 0;16;2
0 1 1 0;34;1
2 1 2 0;14;0
1 0 3 1;14;1
2 0 0 1;14;2
0 2 0 3;14;2
0 2 0 3;16;2
0 2 0 3;34;2
2 2 1 1;34;2
2 1 0 1;2;2
0 3 1 2;14;2
0 3 1 2;16;2
0 3 1 2;34;1
1 2 0 1;2;2
1 3 1 1;16;1
1 1 1 2;36;1
1 2 1 3;14;2
1 3 2 2;16;2
2 3 1 3;16;0
1 2 1 0;34;2
3 1 1 1;34;2
1 2 0 1;36;2
1 1 2 1;2;2
1 1 2 1;14;1
2 1 3 1;14;0
1 1 2 1;16;1
2 2 1 1;2;2
2 2 1 1;16;2
2 2 1 1;36;2
1 3 1 1;34;1
1 1 1 2;2;2
1 1 1 2;14;1
1 1 1 2;16;1
0 1 1 3;14;2
0 1 1 3;16;2
0 1 1 3;34;2
1 1 2 1;34;1
1 2 3 1;14;1
3 1 1 1;36;1
2 1 1 0;36;2
1 2 0 1;14;2
1 2 1 0;16;2
2 1 1 1;34;1
2 0 2 1;2;1
2 1 2 2;16;1
2 1 0 1;34;2
1 1 2 1;14;2
2 1 1 3;14;1
3 1 0 3;16;2
3 1 0 3;34;0
1 3 3 1;14;2
1 2 3 1;14;2
3 1 0 2;14;2
3 1 0 2;16;2
3 1 0 2;34;0
2 1 0 1;14;2
1 1 1 2;34;2
1 2 1 3;14;1
2 2 3 3;14;0
1 3 2 2;14;2
2 1 1 3;16;2
1 0 3 1;14;0
2 3 0 1;14;2
2 3 0 1;34;1
2 1 2 3;14;1
0 1 3 3;14;2
2 3 3 3;14;0
1 2 1 3;16;1
1 3 2 3;14;2
1 2 3 1;16;0
1 0 3 2;14;0
1 3 0 2;14;2
1 3 0 2;16;2
1 3 0 2;34;1
1 1 2 1;16;2
0 1 3 2;14;2
1 2 1 3;34;1
2 2 0 1;14;2
3 2 3 1;14;0
1 2 3 2;14;2
2 1 0 2;14;2
2 1 0 2;16;2
1 1 2 2;14;2
3 2 0 2;16;2
1 2 0 1;16;2
0 2 0 1;14;2
0 2 0 1;16;2
1 1 1 2;36;2
2 2 2 3;14;1
0 2 0 3;34;1
2 3 0 2;14;2
2 3 0 2;16;2
2 3 0 2;34;1
2 1 1 3;34;0
1 2 2 3;14;2
2 3 3 2;14;0
2 2 0 3;14;2
2 2 0 3;16;2
1 2 2 2;34;2
2 2 3 2;14;0
2 3 3 0;14;0
2 1 2 3;16;1
2 3 0 3;14;2
2 3 0 3;16;2
0 1 2 3;14;1
2 1 0 3;14;2
2 1 0 3;16;2
1 2 1 3;36;0
2 3 2 0;14;2
2 3 2 1;14;2
2 2 2 3;16;1
2 0 0 3;14;2
2 0 0 3;16;2
2 0 0 3;34;0
2 1 1 0;34;2
2 2 3 0;14;0
1 2 2 3;16;1
1 0 3 3;14;0
1 2 3 2;16;0
0 1 1 3;14;1
1 1 2 3;14;2
0 1 3 1;16;0
0 1 3 2;16;0
1 2 3 3;14;2
2 2 0 1;34;2
1 0 1 3;14;1
2 0 3 3;14;0
1 3 2 0;14;2
2 2 1 0;36;2
2 3 1 2;14;1
3 3 0 2;16;2
3 3 0 2;34;0
2 0 0 1;16;2
3 0 3 1;14;0
2 1 2 2;16;2
1 2 2 3;34;2
2 2 1 0;16;2
0 1 3 0;14;2
2 3 0 3;34;0
1 2 1 0;36;2
1 2 0 2;14;2
1 2 0 2;16;2
2 0 3 2;14;0
1 2 2 0;14;2
2 2 2 3;34;0
0 1 2 3;34;2
2 1 1 2;16;2
2 3 3 1;14;0
1 3 0 2;36;0
2 1 3 2;14;0
2 2 2 1;34;2
1 0 1 3;16;1
1 1 1 0;14;1
2 1 3 0;14;0
2 2 1 2;16;2
2 0 1 0;14;2
2 1 2 3;34;0
1 0 3 0;14;0
2 1 2 2;34;1
1 3 3 1;16;0
1 2 2 1;34;2
2 3 2 2;14;2
1 0 1 3;34;0
0 2 2 3;14;1
2 2 0 3;34;0
2 1 2 0;16;2
1 2 2 0;34;2
1 2 2 0;36;2
2 0 2 3;14;0
1 2 0 2;34;2
0 1 1 3;36;0
0 2 3 2;16;0
0 2 1 0;16;2
1 0 0 3;14;2
1 0 0 3;16;2
1 0 0 3;34;0
2 1 2 0;34;2
2 1 2 0;36;2
0 1 0 3;14;2
0 1 0 3;16;2
0 1 0 3;34;1
2 0 1 0;34;2
2 0 1 0;36;2
2 0 1 0;2;2
2 1 0 2;36;2
2 0 0 1;2;2
2 0 0 1;34;2
0 1 3 0;16;0
0 2 1 0;34;2
0 2 1 0;36;2
0 2 1 0;2;2
1 3 2 1;14;2
2 1 3 3;14;0
0 2 0 1;2;2
1 1 3 1;14;1
3 1 0 1;16;2
3 1 0 1;34;1
0 1 1 1;14;1
1 2 3 0;14;2
3 0 0 2;14;2
3 0 0 2;16;2
3 0 0 2;34;0
2 1 0 3;34;0
0 1 0 3;36;0
0 2 0 1;36;2
2 2 1 3;14;1
3 2 0 3;16;2
3 2 0 3;34;0
1 3 3 2;14;2
1 1 3 1;16;1
1 0 0 1;14;2
1 0 0 1;16;2
1 0 0 1;34;1
1 2 0 3;14;2
1 2 0 3;16;2
1 2 0 3;34;1
0 2 2 3;16;0
2 2 3 1;14;0
0 3 0 2;34;2
1 3 1 2;14;2
1 1 2 2;34;2
1 3 2 3;16;0
2 2 1 3;16;2
1 2 3 0;16;0
2 1 1 1;14;1
1 2 0 3;36;0
1 1 3 1;34;2
1 1 2 2;2;2
1 1 2 2;16;2
2 1 1 1;16;1
2 2 1 3;34;0
1 3 0 1;14;2
1 1 2 2;36;2
1 1 1 3;34;1
0 1 2 3;36;0
1 1 3 1;36;1
3 1 1 2;14;1
0 1 2 1;14;1
2 1 0 2;2;1
2 1 2 0;2;1
2 1 0 2;34;1
2 0 1 0;16;1
2 1 2 0;14;1
2 2 2 1;16;1
2 0 0 1;36;1
0 2 0 1;34;1
1 2 0 2;2;1
1 2 2 0;2;1
1 2 0 2;36;1
2 2 1 2;34;1
0 2 1 0;14;1
1 2 2 0;16;1
0 2 3 1;34;0
2 2 1 3;16;0
2 3 0 2;16;0
1 3 1 3;16;1
0 2 1 3;36;0
1 0 2 3;34;2
1 0 2 3;36;2
1 0 2 3;2;2
1 0 2 3;16;1
3 0 2 0;14;0
0 2 2 3;36;0
0 3 1 0;34;0
1 3 1 0;34;0
3 1 0 1;16;0
2 3 2 2;34;0
3 0 0 1;16;0
3 0 1 2;16;0
2 1 0 1;14;1
0 1 2 1;36;1
2 3 2 0;14;0
1 3 0 1;36;0
2 0 2 1;14;0
2 1 0 1;36;1
3 0 2 3;14;0
1 3 1 0;14;2
1 2 1 3;34;2
3 2 1 0;14;0
3 2 2 1;14;0
3 2 0 2;34;2
2 3 0 2;36;0
3 1 1 0;14;0
3 0 2 2;14;0
3 1 3 2;14;0
3 2 2 0;14;0
0 3 1 2;36;0
2 3 0 1;36;0
3 3 2 3;14;0
3 2 2 3;14;0
3 0 1 0;14;0
3 0 2 1;14;0
3 2 1 2;16;0
1 2 0 2;34;1
1 1 2 2;16;1
1 1 1 1;16;1
1 1 1 1;34;1
1 2 2 1;34;1
1 1 1 1;36;1
2 3 1 0;34;0
3 2 0 1;16;0
2 2 1 2;16;0
1 1 1 1;14;1
1 2 2 3;36;0
3 2 2 2;14;0
3 1 1 2;16;0
3 2 0 2;16;0
1 3 1 2;36;0
2 2 2 1;14;0
1 0 2 2;16;0
1 2 2 1;16;0
2 2 0 1;34;1
1 2 0 1;34;1
3 1 2 1;14;0
1 2 1 0;14;1
2 1 2 1;14;1
2 2 0 1;14;1
0 2 2 1;34;1
1 2 0 1;16;1
0 2 1 2;2;1
1 2 1 2;36;1
2 2 1 0;36;1
0 2 1 2;36;1
1 2 1 0;36;1
2 1 1 0;34;1
0 1 2 0;36;1
0 2 2 1;2;1
1 3 2 1;34;0
2 1 2 2;14;0
0 1 0 2;34;1
1 1 1 2;34;0
3 1 2 2;14;0
1 0 0 2;14;1
2 0 1 2;2;1
2 1 1 2;16;1
2 2 1 0;16;1
2 0 1 2;16;1
2 1 1 0;16;1
0 1 1 2;34;1
0 3 2 2;34;0
1 2 1 1;14;1
1 0 2 1;16;1
1 2 2 2;34;1
1 2 1 1;16;1
1 0 1 2;14;1
1 2 2 2;36;1
1 0 2 0;16;0
1 1 2 1;36;0
1 3 2 2;34;0
2 1 1 1;36;0
2 3 1 2;36;0
