1 0 2 1;14;2
3 1 2 1;14;0
2 1 1 1;14;2
2 1 1 2;14;2
1 2 2 1;14;2
3 1 1 0;14;0
2 1 1 1;16;2
1 1 1 1;2;2
3 2 2 2;14;0
2 1 1 1;34;1
2 2 2 1;14;1
3 2 0 1;14;2
0 1 2 2;14;2
0 1 2 2;16;2
0 1 2 2;34;2
0 2 2 1;14;2
0 2 2 1;16;2
1 2 0 1;14;1
2 2 1 1;14;2
1 0 2 2;14;2
1 2 2 1;36;2
2 1 1 2;36;2
1 2 2 1;2;2
1 0 2 2;16;2
2 1 1 2;2;2
2 2 1 0;14;2
2 2 0 1;16;2
0 1 2 2;36;2
1 0 2 2;34;2
1 0 2 2;36;2
1 0 2 2;2;2
2 2 1 0;16;1
2 0 1 2;14;2
0 2 2 1;36;2
1 2 1 2;16;2
1 2 2 1;16;2
0 1 2 2;2;2
2 2 0 1;36;2
2 1 1 2;16;1
2 2 1 0;34;2
2 2 0 1;2;2
1 2 0 1;16;1
1 1 1 2;14;1
1 3 2 2;14;2
1 2 1 2;34;2
1 2 0 1;34;1
1 2 2 2;14;2
2 2 1 0;36;1
2 0 1 2;16;1
2 1 1 0;14;2
2 0 2 1;14;1
2 1 0 1;14;1
2 2 2 1;16;2
2 1 1 2;34;2
2 2 0 1;34;1
0 2 2 1;2;1
2 2 0 1;14;1
0 2 2 1;34;1
1 2 0 1;36;2
1 2 1 2;2;2
1 2 1 2;14;2
1 3 2 1;14;2
1 3 1 0;14;2
1 3 2 1;16;2
1 3 1 0;16;1
1 0 1 1;14;1
1 3 0 1;14;1
1 0 1 1;16;1
1 1 1 2;16;1
1 2 1 3;14;1
1 0 2 3;14;1
1 3 3 3;14;2
1 2 2 2;16;2
1 2 1 1;34;2
1 2 1 1;36;2
1 2 1 1;2;2
1 0 2 1;34;2
1 0 2 1;36;2
1 0 2 1;2;2
1 0 0 2;16;2
1 0 1 2;16;1
1 1 1 3;14;1
1 3 2 3;14;2
1 1 1 1;36;1
1 0 2 0;14;2
1 1 1 1;14;1
1 3 1 2;14;2
1 1 1 1;16;1
1 2 1 2;36;1
1 3 1 0;34;0
1 2 1 1;14;1
1 0 2 1;16;1
1 2 2 2;2;2
1 2 2 2;34;1
1 0 0 2;34;2
1 0 0 2;36;2
1 0 0 2;2;2
1 0 0 2;14;1
1 1 1 2;34;1
1 3 2 2;16;2
1 1 1 1;34;1
1 3 2 1;34;0
1 2 1 1;16;1
1 0 1 2;34;2
1 0 1 2;36;2
1 0 1 2;2;2
1 0 1 2;14;1
1 2 2 2;36;1
1 0 2 0;16;1
1 2 2 1;34;1
1 3 0 1;16;2
